N_MC=150 seed=9 sigma=0.12 K=0.15 dt=0.08 N=192
rho_star_full_field=0.298625
t Rblur Rn Rn_rho Delta_maj pass_maj mean_R_PM_noise mean_R_heat_noise PCRH_ok mean_rho_ew mean_dR_full frac_pm_better
1.20 0.001683 0.002739 0.005474 0.002856 0 0.004353 0.002740 1 0.5774 +0.000035 0.5733
1.36 0.001820 0.002565 0.005077 0.002668 0 0.003717 0.002433 1 0.6318 +0.000448 0.8733
1.60 0.002008 0.002357 0.004603 0.002462 0 0.003377 0.002354 1 0.6951 +0.000928 0.9800
2.00 0.002285 0.002103 0.004031 0.002266 1 0.002785 0.002107 1 0.8097 +0.001538 1.0000
2.40 0.002532 0.001917 0.003629 0.002197 1 0.002398 0.001915 1 0.8825 +0.002009 1.0000
2.80 0.002757 0.001774 0.003328 0.002215 1 0.002142 0.001787 1 0.9332 +0.002338 1.0000
3.20 0.002964 0.001660 0.003093 0.002298 1 0.001888 0.001603 1 0.9581 +0.002632 1.0000
